aunt(1,3) 0.852409
aunt(1,9) 0.848776
aunt(10,310) 0.976318
aunt(10,313) 0.972768
aunt(100,103) 0.953877
aunt(100,102) 0.945516
aunt(1000,832) 0.980671
aunt(1000,775) 0.980296
aunt(1001,775) 0.976991
aunt(1001,832) 0.976670
aunt(1002,832) 0.982207
aunt(1002,775) 0.981657
aunt(1003,775) 0.979623
aunt(1003,832) 0.979094
aunt(1004,832) 0.977802
aunt(1004,775) 0.977593
aunt(1005,775) 0.981034
aunt(1005,832) 0.980292
aunt(1006,832) 0.979176
aunt(1006,775) 0.979055
aunt(1007,832) 0.982636
aunt(1007,775) 0.982339
aunt(1008,837) 0.798451
aunt(1008,836) 0.630784
aunt(1009,837) 0.844215
aunt(1009,836) 0.743678
aunt(101,503) 0.964308
aunt(101,500) 0.959347
aunt(1010,853) 0.299484
aunt(1010,851) 0.199883
aunt(1011,837) 0.809585
aunt(1011,836) 0.688698
aunt(1012,837) 0.778480
aunt(1012,836) 0.667430
aunt(1013,1015) 0.486605
aunt(1013,1014) 0.442829
aunt(1014,830) 0.527944
aunt(1014,832) 0.524190
aunt(1015,830) 0.575269
aunt(1015,832) 0.569748
aunt(1016,1019) 0.332028
aunt(1016,1018) 0.306210
aunt(1017,920) 0.923493
aunt(1017,2417) 0.907287
aunt(1018,830) 0.825674
aunt(1018,775) 0.816118
aunt(1019,830) 0.786436
aunt(1019,775) 0.767025
aunt(102,503) 0.967966
aunt(102,500) 0.962391
aunt(1020,1011) 0.887533
aunt(1020,1008) 0.848337
aunt(1021,1012) 0.923531
aunt(1021,1011) 0.922261
aunt(1022,1009) 0.912805
aunt(1022,1012) 0.911208
aunt(1023,1026) 0.937287
aunt(1023,988) 0.909011
aunt(1024,1025) 0.913287
aunt(1024,988) 0.901764
aunt(1025,997) 0.936793
aunt(1025,996) 0.934749
aunt(1026,987) 0.514871
aunt(1026,1255) 0.455661
aunt(1027,456) 0.928479
aunt(1027,597) 0.920873
aunt(1028,657) 0.612032
aunt(1028,605) 0.594873
aunt(1029,1683) 0.976672
aunt(1029,1684) 0.974302
aunt(103,503) 0.964442
aunt(103,500) 0.959871
aunt(1030,1042) 0.981973
aunt(1030,1044) 0.980565
aunt(1031,1042) 0.981709
aunt(1031,2712) 0.980838
aunt(1032,2711) 0.755305
aunt(1032,2712) 0.731341
aunt(1033,2711) 0.977328
aunt(1033,2712) 0.976873
aunt(1034,2712) 0.981236
aunt(1034,2711) 0.980161
aunt(1035,2712) 0.981132
aunt(1035,1042) 0.981125
aunt(1036,2710) 0.892326
aunt(1036,2709) 0.657229
aunt(1037,1046) 0.879690
aunt(1037,1049) 0.843819
aunt(1038,1046) 0.964279
aunt(1038,1049) 0.936697
aunt(1039,1048) 0.985638
aunt(1039,1047) 0.982007
aunt(104,2848) 0.975975
aunt(104,230) 0.964662
aunt(1040,1048) 0.984147
aunt(1040,1047) 0.980544
aunt(1041,1048) 0.987776
aunt(1041,1047) 0.984938
aunt(1042,1048) 0.983047
aunt(1042,1047) 0.977834
aunt(1043,1048) 0.984611
aunt(1043,1047) 0.979769
aunt(1044,1048) 0.984181
aunt(1044,1047) 0.979612
aunt(1045,1050) 0.182049
aunt(1045,1048) 0.166368
aunt(1046,1047) 0.680360
aunt(1046,1048) 0.674191
aunt(1047,152) 0.017449
aunt(1047,151) 0.017228
aunt(1048,152) 0.021917
aunt(1048,151) 0.021708
aunt(1049,1050) 0.713100
aunt(1049,1047) 0.593921
aunt(105,952) 0.935336
aunt(105,125) 0.881359
aunt(1050,1779) 0.019871
aunt(1050,870) 0.018449
aunt(1051,1050) 0.128450
aunt(1051,1048) 0.117913
aunt(1052,1033) 0.118180
aunt(1052,1031) 0.117142
aunt(1053,1033) 0.123222
aunt(1053,1031) 0.118227
aunt(1054,469) 0.608484
aunt(1054,468) 0.135602
aunt(1055,971) 0.519263
aunt(1055,1058) 0.121344
aunt(1056,971) 0.548265
aunt(1056,1058) 0.178997
aunt(1057,886) 0.623533
aunt(1057,884) 0.605789
aunt(1058,1057) 0.666839
aunt(1058,474) 0.498793
aunt(1059,472) 0.959686
aunt(1059,610) 0.950134
aunt(106,113) 0.976746
aunt(106,801) 0.976526
aunt(1060,978) 0.042892
aunt(1060,493) 0.042731
aunt(1061,978) 0.040115
aunt(1061,493) 0.038500
aunt(1062,978) 0.045602
aunt(1062,493) 0.045075
aunt(1063,978) 0.042047
aunt(1063,493) 0.040683
aunt(1064,609) 0.958036
aunt(1064,1061) 0.957313
aunt(1065,473) 0.516358
aunt(1065,234) 0.132143
aunt(1066,473) 0.471795
aunt(1066,234) 0.085966
aunt(1067,247) 0.798533
aunt(1067,1069) 0.604099
aunt(1068,1069) 0.741738
aunt(1068,247) 0.733214
aunt(1069,1078) 0.962231
aunt(1069,1084) 0.961340
aunt(107,113) 0.975743
aunt(107,801) 0.975445
aunt(1070,1086) 0.970111
aunt(1070,1088) 0.968971
aunt(1071,1088) 0.989335
aunt(1071,1089) 0.989136
aunt(1072,1081) 0.987189
aunt(1072,1088) 0.985400
aunt(1073,1086) 0.980770
aunt(1073,1088) 0.978591
aunt(1074,1151) 0.972884
aunt(1074,1149) 0.972269
aunt(1075,1079) 0.892793
aunt(1075,1076) 0.872329
aunt(1076,1679) 0.923600
aunt(1076,1680) 0.911545
aunt(1077,1679) 0.956326
aunt(1077,1680) 0.948874
aunt(1078,1079) 0.952515
aunt(1078,1086) 0.860830
aunt(1079,1090) 0.965660
aunt(1079,1095) 0.627202
aunt(108,110) 0.956050
aunt(108,109) 0.952283
aunt(1080,1090) 0.973291
aunt(1080,1091) 0.433706
aunt(1081,1090) 0.978696
aunt(1081,1091) 0.405368
aunt(1082,1095) 0.725017
aunt(1082,1091) 0.224864
aunt(1083,1090) 0.264273
aunt(1083,1679) 0.060126
aunt(1084,1079) 0.971150
aunt(1084,1089) 0.922486
aunt(1085,1090) 0.967587
aunt(1085,1091) 0.297255
aunt(1086,1090) 0.972724
aunt(1086,1091) 0.347498
aunt(1087,1090) 0.966242
aunt(1087,1679) 0.257916
aunt(1088,1090) 0.978162
aunt(1088,1091) 0.373807
aunt(1089,1090) 0.974648
aunt(1089,1091) 0.361662
aunt(109,2961) 0.943350
aunt(109,949) 0.043289
aunt(1090,1093) 0.710944
aunt(1090,1092) 0.302501
aunt(1091,1093) 0.603266
aunt(1091,1092) 0.396265
aunt(1092,1466) 0.015471
aunt(1092,1408) 0.014985
aunt(1093,1601) 0.021772
aunt(1093,688) 0.018848
aunt(1094,1408) 0.009891
aunt(1094,1355) 0.009812
aunt(1095,1093) 0.239861
aunt(1095,1092) 0.089493
aunt(1096,1057) 0.960327
aunt(1096,875) 0.958578
aunt(1097,1057) 0.957694
aunt(1097,875) 0.949545
aunt(1098,1057) 0.934678
aunt(1098,875) 0.887132
aunt(1099,1103) 0.976518
aunt(1099,1115) 0.967493
aunt(11,310) 0.969891
aunt(11,313) 0.966151
aunt(110,2961) 0.930772
aunt(110,870) 0.041504
aunt(1100,309) 0.928666
aunt(1100,1101) 0.919577
aunt(1101,1096) 0.916040
aunt(1101,437) 0.901769
aunt(1102,1096) 0.915563
aunt(1102,437) 0.897642
aunt(1103,1120) 0.942379
aunt(1103,600) 0.933537
aunt(1104,1099) 0.958627
aunt(1104,1110) 0.953068
aunt(1105,1110) 0.959988
aunt(1105,1100) 0.943612
aunt(1106,1103) 0.980153
aunt(1106,1115) 0.972759
aunt(1107,1115) 0.975972
aunt(1107,1103) 0.975314
aunt(1108,1103) 0.975397
aunt(1108,1115) 0.966876
aunt(1109,1103) 0.978238
aunt(1109,1115) 0.971403
aunt(111,112) 0.900906
aunt(111,114) 0.892398
aunt(1110,1103) 0.975741
aunt(1110,1115) 0.960227
aunt(1111,2900) 0.642997
aunt(1111,1102) 0.468124
aunt(1112,1103) 0.408131
aunt(1112,1117) 0.290759
aunt(1113,1103) 0.358529
aunt(1113,1118) 0.227372
aunt(1114,2902) 0.968528
aunt(1114,2901) 0.963885
aunt(1115,1120) 0.945472
aunt(1115,600) 0.928883
aunt(1116,1120) 0.946415
aunt(1116,600) 0.928845
aunt(1117,1120) 0.950599
aunt(1117,600) 0.937489
aunt(1118,1120) 0.960366
aunt(1118,600) 0.958784
aunt(1119,1184) 0.946248
aunt(1119,1183) 0.943516
aunt(112,2961) 0.683256
aunt(112,870) 0.031391
aunt(1120,1135) 0.973602
aunt(1120,1133) 0.951168
aunt(1121,1135) 0.978238
aunt(1121,1133) 0.959943
aunt(1122,1136) 0.800027
aunt(1122,1135) 0.391412
aunt(1123,1128) 0.978852
aunt(1123,1130) 0.971447
aunt(1124,1128) 0.980447
aunt(1124,1130) 0.974373
aunt(1126,1128) 0.348942
aunt(1126,1129) 0.305441
aunt(1127,1128) 0.912265
aunt(1127,1129) 0.889245
aunt(1128,597) 0.036146
aunt(1128,456) 0.034410
aunt(1129,597) 0.035636
aunt(1129,456) 0.033928
aunt(113,2961) 0.711971
aunt(113,949) 0.033778
aunt(1130,597) 0.027304
aunt(1130,456) 0.026228
aunt(1131,773) 0.023759
aunt(1131,774) 0.018737
aunt(1132,1135) 0.891907
aunt(1132,1133) 0.862650
aunt(1133,1128) 0.595368
aunt(1133,1129) 0.560964
aunt(1134,1128) 0.618194
aunt(1134,1129) 0.590111
aunt(1135,1128) 0.691498
aunt(1135,1129) 0.659887
aunt(1136,1131) 0.125009
aunt(1136,1128) 0.044677
aunt(1137,1142) 0.956689
aunt(1137,1138) 0.945840
aunt(1138,1150) 0.985581
aunt(1138,1143) 0.984389
aunt(1139,1149) 0.989451
aunt(1139,1151) 0.987592
aunt(114,2961) 0.690251
aunt(114,949) 0.032922
aunt(1140,1149) 0.985050
aunt(1140,1151) 0.982580
aunt(1141,1149) 0.986589
aunt(1141,1151) 0.984684
aunt(1142,1179) 0.972956
aunt(1142,1144) 0.959883
aunt(1143,1145) 0.985356
aunt(1143,688) 0.981637
aunt(1144,1145) 0.762621
aunt(1144,688) 0.686423
aunt(1145,689) 0.504064
aunt(1145,1186) 0.121470
aunt(1146,689) 0.412459
aunt(1146,1186) 0.079770
aunt(1147,1496) 0.777923
aunt(1147,1497) 0.754026
aunt(1148,1145) 0.988108
aunt(1148,688) 0.984953
aunt(1149,1145) 0.985487
aunt(1149,1146) 0.983154
aunt(115,100) 0.071034
aunt(115,151) 0.064276
aunt(1150,688) 0.988207
aunt(1150,1145) 0.986323
aunt(1151,1145) 0.987912
aunt(1151,688) 0.986601
aunt(1152,1145) 0.986829
aunt(1152,1146) 0.985431
aunt(1153,1145) 0.988395
aunt(1153,688) 0.987592
aunt(1154,1201) 0.986173
aunt(1154,1194) 0.985866
aunt(1155,1201) 0.967927
aunt(1155,1196) 0.967330
aunt(1156,1194) 0.986466
aunt(1156,1201) 0.986301
aunt(1157,1201) 0.988102
aunt(1157,1199) 0.987651
aunt(1158,1196) 0.982630
aunt(1158,1201) 0.972607
aunt(1159,1201) 0.989367
aunt(1159,1196) 0.988666
aunt(116,100) 0.070349
aunt(116,151) 0.062555
aunt(1160,571) 0.976693
aunt(1160,570) 0.975529
aunt(1161,571) 0.976435
aunt(1161,570) 0.975249
aunt(1162,571) 0.971607
aunt(1162,570) 0.970640
aunt(1163,571) 0.973209
aunt(1163,570) 0.971245
aunt(1164,571) 0.977856
aunt(1164,570) 0.976637
aunt(1165,571) 0.974353
aunt(1165,570) 0.972713
aunt(1166,571) 0.966432
aunt(1166,570) 0.964447
aunt(1167,571) 0.975023
aunt(1167,570) 0.973326
aunt(1168,571) 0.967813
aunt(1168,570) 0.965753
aunt(1169,571) 0.969276
aunt(1169,570) 0.967234
aunt(117,118) 0.864464
aunt(117,311) 0.851222
aunt(1170,571) 0.973380
aunt(1170,570) 0.971813
aunt(1171,571) 0.978057
aunt(1171,570) 0.977296
aunt(1172,426) 0.101618
aunt(1172,420) 0.092063
aunt(1173,1174) 0.637686
aunt(1173,1175) 0.609946
aunt(1174,1163) 0.335843
aunt(1174,1162) 0.334458
aunt(1175,1162) 0.246911
aunt(1175,1163) 0.242540
aunt(1176,1174) 0.235991
aunt(1176,1175) 0.204605
aunt(1177,1168) 0.986661
aunt(1177,1166) 0.985758
aunt(1178,1168) 0.987146
aunt(1178,1166) 0.986577
aunt(1179,687) 0.837071
aunt(1179,1182) 0.774008
aunt(118,81) 0.911307
aunt(118,82) 0.892233
aunt(1180,689) 0.869506
aunt(1180,1186) 0.414291
aunt(1181,689) 0.886517
aunt(1181,1186) 0.449883
aunt(1182,689) 0.881082
aunt(1182,1186) 0.439744
aunt(1183,1135) 0.350744
aunt(1183,1133) 0.308796
aunt(1184,1135) 0.375068
aunt(1184,1133) 0.324510
aunt(1185,1135) 0.345797
aunt(1185,1133) 0.302725
aunt(1186,1189) 0.468368
aunt(1186,1188) 0.449225
aunt(1187,1070) 0.022070
aunt(1187,1135) 0.018941
aunt(1188,1135) 0.026578
aunt(1188,1070) 0.026372
aunt(1189,1070) 0.026957
aunt(1189,1135) 0.026567
aunt(119,2162) 0.065195
aunt(119,2164) 0.060379
aunt(1190,1070) 0.024474
aunt(1190,1135) 0.022126
aunt(1191,1070) 0.024545
aunt(1191,1135) 0.022673
aunt(1192,1070) 0.023416
aunt(1192,1135) 0.022139
aunt(1193,1197) 0.945483
aunt(1193,1438) 0.939123
aunt(1194,1439) 0.985781
aunt(1194,1440) 0.983499
aunt(1195,1439) 0.986499
aunt(1195,1440) 0.985548
aunt(1196,1439) 0.983591
aunt(1196,1440) 0.981159
aunt(1197,1439) 0.968309
aunt(1197,1440) 0.963122
aunt(1198,1439) 0.984660
aunt(1198,1440) 0.984108
aunt(1199,1439) 0.990597
aunt(1199,1440) 0.990183
aunt(12,71) 0.952716
aunt(12,258) 0.946785
aunt(120,121) 0.912000
aunt(120,122) 0.866010
aunt(1200,1440) 0.986928
aunt(1200,1439) 0.986278
aunt(1201,1439) 0.986632
aunt(1201,1440) 0.984437
aunt(1202,690) 0.790667
aunt(1202,1119) 0.781373
aunt(1203,234) 0.181736
aunt(1203,439) 0.177105
aunt(1204,1208) 0.987825
aunt(1204,1209) 0.987164
aunt(1205,1208) 0.988586
aunt(1205,1209) 0.987544
aunt(1206,1208) 0.990251
aunt(1206,1210) 0.990098
aunt(1207,1208) 0.677279
aunt(1207,1209) 0.669983
aunt(1208,1520) 0.021384
aunt(1208,1110) 0.019433
aunt(1209,1520) 0.018596
aunt(1209,1110) 0.017151
aunt(121,1059) 0.945076
aunt(121,448) 0.937047
aunt(1210,1520) 0.019688
aunt(1210,1110) 0.017910
aunt(1211,1207) 0.351837
aunt(1211,661) 0.153321
aunt(1212,1207) 0.479575
aunt(1212,661) 0.278023
aunt(1213,658) 0.818966
aunt(1213,657) 0.661002
aunt(1214,658) 0.598785
aunt(1214,657) 0.457694
aunt(1215,740) 0.684663
aunt(1215,741) 0.534669
aunt(1216,656) 0.946181
aunt(1216,23) 0.934453
aunt(1217,1016) 0.771595
aunt(1217,773) 0.298385
aunt(1218,1016) 0.644316
aunt(1218,985) 0.269278
aunt(1219,1217) 0.956368
aunt(1219,1353) 0.628468
aunt(122,2155) 0.930924
aunt(122,448) 0.925070
aunt(1220,1217) 0.930750
aunt(1220,2540) 0.930326
aunt(1221,1223) 0.950081
aunt(1221,1227) 0.936404
aunt(1222,1219) 0.780493
aunt(1222,1227) 0.769106
aunt(1223,1217) 0.823545
aunt(1223,1218) 0.393045
aunt(1224,1217) 0.900882
aunt(1224,1218) 0.563313
aunt(1225,1217) 0.894414
aunt(1225,1218) 0.550826
aunt(1226,1217) 0.784097
aunt(1226,1218) 0.408468
aunt(1227,1217) 0.925865
aunt(1227,1218) 0.545387
aunt(1228,1217) 0.896598
aunt(1228,1218) 0.506025
aunt(1229,1242) 0.971704
aunt(1229,1236) 0.968483
aunt(123,1059) 0.937415
aunt(123,448) 0.936452
aunt(1230,1236) 0.932405
aunt(1230,1328) 0.915743
aunt(1231,2071) 0.989842
aunt(1231,1411) 0.988489
aunt(1232,2071) 0.991236
aunt(1232,2073) 0.985660
aunt(1233,2071) 0.991703
aunt(1233,2073) 0.985878
aunt(1234,2071) 0.991135
aunt(1234,1411) 0.986185
aunt(1235,2071) 0.989924
aunt(1235,1411) 0.983899
aunt(1236,2071) 0.984657
aunt(1236,1330) 0.980364
aunt(1237,2071) 0.989693
aunt(1237,1411) 0.984970
aunt(1238,2071) 0.991454
aunt(1238,2073) 0.985181
aunt(1239,2071) 0.989376
aunt(1239,2073) 0.984785
aunt(124,445) 0.914188
aunt(124,1059) 0.909689
aunt(1240,2071) 0.990763
aunt(1240,2073) 0.987893
aunt(1241,2071) 0.990099
aunt(1241,1411) 0.986356
aunt(1242,2071) 0.989957
aunt(1242,1411) 0.983213
aunt(1243,1222) 0.880326
aunt(1243,1221) 0.862059
aunt(1244,683) 0.313584
aunt(1244,682) 0.181487
aunt(1245,683) 0.493014
aunt(1245,682) 0.254357
aunt(1246,1244) 0.205515
aunt(1246,1245) 0.100416
aunt(1247,725) 0.638470
aunt(1247,1435) 0.441631
aunt(1248,2616) 0.966577
aunt(1248,1435) 0.173848
aunt(1249,1435) 0.857892
aunt(1249,725) 0.856048
aunt(125,2155) 0.916388
aunt(125,954) 0.770181
aunt(1250,2616) 0.336762
aunt(1250,1435) 0.286275
aunt(1251,1247) 0.840088
aunt(1251,1248) 0.400458
aunt(1252,1484) 0.980568
aunt(1252,2868) 0.966331
aunt(1253,1450) 0.557204
aunt(1253,1448) 0.301468
aunt(1254,773) 0.851239
aunt(1254,1016) 0.420864
aunt(1255,773) 0.741933
aunt(1255,774) 0.399090
aunt(1256,1239) 0.967164
aunt(1256,1238) 0.965665
aunt(1257,1239) 0.966992
aunt(1257,1238) 0.965626
aunt(1258,1239) 0.971692
aunt(1258,1238) 0.970363
aunt(1259,1415) 0.868285
aunt(1259,1417) 0.682246
aunt(126,1706) 0.640114
aunt(126,449) 0.514292
aunt(1260,838) 0.370726
aunt(1260,2548) 0.173322
aunt(1261,286) 0.968216
aunt(1261,1275) 0.963100
aunt(1262,127) 0.944020
aunt(1262,1267) 0.897839
aunt(1263,1257) 0.976385
aunt(1263,1256) 0.973915
aunt(1264,1257) 0.962402
aunt(1264,1256) 0.957404
aunt(1265,1257) 0.966893
aunt(1265,1256) 0.965016
aunt(1266,1257) 0.971681
aunt(1266,1256) 0.969670
aunt(1267,1257) 0.979836
aunt(1267,1256) 0.978061
aunt(1268,1257) 0.973597
aunt(1268,1256) 0.971206
aunt(1269,1257) 0.979196
aunt(1269,1256) 0.977870
aunt(127,1229) 0.903954
aunt(127,1256) 0.894743
aunt(1270,1257) 0.976332
aunt(1270,1256) 0.974342
aunt(1271,1257) 0.975082
aunt(1271,1256) 0.972433
aunt(1272,1257) 0.969046
aunt(1272,1256) 0.965018
aunt(1273,1257) 0.972080
aunt(1273,1256) 0.969340
aunt(1274,1257) 0.971690
aunt(1274,1256) 0.967820
aunt(1275,1257) 0.974648
aunt(1275,1256) 0.972123
aunt(1276,1257) 0.973430
aunt(1276,1256) 0.970491
aunt(1277,2465) 0.944453
aunt(1277,2464) 0.943233
aunt(1278,1744) 0.918993
aunt(1278,1410) 0.799687
aunt(1279,1744) 0.926156
aunt(1279,1410) 0.826744
aunt(1280,1744) 0.946221
aunt(1280,1256) 0.798609
aunt(1281,1261) 0.977986
aunt(1281,1888) 0.975003
aunt(1282,1262) 0.976794
aunt(1282,1261) 0.935957
aunt(1283,1273) 0.985396
aunt(1283,1272) 0.985209
aunt(1284,1264) 0.989491
aunt(1284,1272) 0.989397
aunt(1285,1273) 0.985727
aunt(1285,1272) 0.985576
aunt(1286,1273) 0.986270
aunt(1286,1272) 0.986210
aunt(1287,1273) 0.987870
aunt(1287,1272) 0.987712
aunt(1288,1273) 0.986100
aunt(1288,1272) 0.985296
aunt(1289,1264) 0.986212
aunt(1289,1272) 0.985678
aunt(129,287) 0.922970
aunt(129,289) 0.909623
aunt(1290,1273) 0.987273
aunt(1290,1272) 0.987081
aunt(1291,1728) 0.278290
aunt(1291,781) 0.257290
aunt(1292,1728) 0.256213
aunt(1292,781) 0.199596
aunt(1293,653) 0.243371
aunt(1293,1682) 0.224279
aunt(1294,42) 0.821280
aunt(1294,654) 0.811586
aunt(1295,654) 0.818441
aunt(1295,1297) 0.786326
aunt(1296,1298) 0.972733
aunt(1296,1691) 0.966244
aunt(1297,1298) 0.755900
aunt(1297,2656) 0.725242
aunt(1298,1679) 0.694201
aunt(1298,1680) 0.690695
aunt(1299,1294) 0.327331
aunt(1299,1295) 0.222034
aunt(13,36) 0.951704
aunt(13,35) 0.951545
aunt(130,203) 0.986149
aunt(130,133) 0.982060
aunt(1300,1294) 0.383063
aunt(1300,1295) 0.179894
aunt(1301,1304) 0.230362
aunt(1301,1306) 0.207631
aunt(1302,1304) 0.244421
aunt(1302,1303) 0.204555
aunt(1303,1300) 0.189616
aunt(1303,1299) 0.094770
aunt(1304,1300) 0.085072
aunt(1304,1308) 0.043721
aunt(1305,1306) 0.129507
aunt(1305,1304) 0.096780
aunt(1306,1308) 0.158629
aunt(1306,1300) 0.030726
aunt(1307,1308) 0.130250
aunt(1307,458) 0.016557
aunt(1308,2535) 0.011555
aunt(1308,93) 0.011437
aunt(1309,1311) 0.542344
aunt(1309,1325) 0.459367
aunt(131,219) 0.951992
aunt(131,212) 0.877413
aunt(1310,1311) 0.660321
aunt(1310,1324) 0.583846
aunt(1311,1316) 0.713686
aunt(1311,1317) 0.165359
aunt(1312,1309) 0.223788
aunt(1312,1310) 0.064441
aunt(1313,1309) 0.314342
aunt(1313,1310) 0.139964
aunt(1314,1311) 0.220044
aunt(1314,1301) 0.207727
aunt(1315,1316) 0.443060
aunt(1315,1317) 0.250941
aunt(1316,1320) 0.465763
aunt(1316,1319) 0.418399
aunt(1317,1319) 0.782758
aunt(1317,1320) 0.548137
aunt(1318,1321) 0.950171
aunt(1318,1322) 0.269855
aunt(1319,1321) 0.747963
aunt(1319,1322) 0.113501
aunt(132,223) 0.989558
aunt(132,221) 0.988488
aunt(1320,1321) 0.445478
aunt(1320,1322) 0.207538
aunt(1321,1323) 0.199437
aunt(1321,835) 0.025077
aunt(1322,1323) 0.200953
aunt(1322,835) 0.014987
aunt(1323,1247) 0.018731
aunt(1323,1409) 0.018303
aunt(1324,1316) 0.664133
aunt(1324,1317) 0.111810
aunt(1325,1316) 0.911887
aunt(1325,1317) 0.258652
aunt(1326,1314) 0.174405
aunt(1326,1309) 0.097601
aunt(1327,998) 0.564361
aunt(1327,991) 0.287545
aunt(1328,1437) 0.884333
aunt(1328,1329) 0.872561
aunt(1329,1335) 0.961028
aunt(1329,1334) 0.944415
aunt(133,223) 0.992435
aunt(133,221) 0.992242
aunt(1330,1335) 0.915693
aunt(1330,1333) 0.905996
aunt(1331,1335) 0.961074
aunt(1331,1334) 0.958863
aunt(1332,1222) 0.605215
aunt(1332,1221) 0.357213
aunt(1333,2083) 0.986867
aunt(1333,1488) 0.986261
aunt(1334,1488) 0.984260
aunt(1334,2083) 0.983790
aunt(1335,1488) 0.982700
aunt(1335,1489) 0.975285
aunt(1336,2083) 0.195605
aunt(1336,2085) 0.184734
aunt(1337,1023) 0.794265
aunt(1337,1338) 0.783388
aunt(1338,1026) 0.913391
aunt(1338,1342) 0.875813
aunt(1339,1340) 0.907682
aunt(1339,985) 0.896235
aunt(134,226) 0.899554
aunt(134,300) 0.877660
aunt(1340,1019) 0.922377
aunt(1340,1018) 0.922144
aunt(1341,951) 0.930509
aunt(1341,2917) 0.919202
aunt(1342,984) 0.940132
aunt(1342,997) 0.933606
aunt(1343,1412) 0.671944
aunt(1343,1221) 0.658360
aunt(1344,2281) 0.958720
aunt(1344,1346) 0.954670
aunt(1345,1024) 0.837047
aunt(1345,2280) 0.792626
aunt(1346,1025) 0.909082
aunt(1346,988) 0.906630
aunt(1347,1413) 0.405209
aunt(1347,1444) 0.350839
aunt(1348,1344) 0.806766
aunt(1348,2283) 0.751001
aunt(1349,1344) 0.925916
aunt(1349,2283) 0.867362
aunt(135,265) 0.962669
aunt(135,266) 0.950809
aunt(1350,773) 0.429583
aunt(1350,774) 0.093772
aunt(1351,773) 0.426536
aunt(1351,774) 0.093296
aunt(1352,1254) 0.882385
aunt(1352,1353) 0.854443
aunt(1353,773) 0.871710
aunt(1353,1016) 0.465911
aunt(1354,1360) 0.723604
aunt(1354,502) 0.625664
aunt(1355,1407) 0.921675
aunt(1355,1409) 0.554930
aunt(1356,1358) 0.656324
aunt(1356,1359) 0.649684
aunt(1357,1561) 0.672243
aunt(1357,1560) 0.668730
aunt(1358,1561) 0.656311
aunt(1358,1560) 0.642564
aunt(1359,1561) 0.685741
aunt(1359,1560) 0.677155
aunt(136,265) 0.966494
aunt(136,266) 0.957143
aunt(1360,504) 0.792551
aunt(1360,503) 0.689908
aunt(1361,167) 0.831470
aunt(1361,1565) 0.357954
aunt(1362,236) 0.938453
aunt(1362,237) 0.924537
aunt(1363,143) 0.747152
aunt(1363,290) 0.695098
aunt(1364,1507) 0.981752
aunt(1364,1873) 0.979675
aunt(1365,1582) 0.302420
aunt(1365,596) 0.301748
aunt(1366,1281) 0.922970
aunt(1366,1582) 0.905761
aunt(1367,1888) 0.981306
aunt(1367,1882) 0.975452
aunt(1368,1888) 0.975562
aunt(1368,1283) 0.974674
aunt(1369,1888) 0.983494
aunt(1369,1286) 0.978601
aunt(137,30) 0.953672
aunt(137,280) 0.942187
aunt(1370,1888) 0.982406
aunt(1370,1286) 0.978275
aunt(1371,1377) 0.962408
aunt(1371,1373) 0.962014
aunt(1372,1364) 0.927542
aunt(1372,1378) 0.912764
aunt(1373,1507) 0.988402
aunt(1373,1873) 0.987198
aunt(1374,1507) 0.979439
aunt(1374,1873) 0.977254
aunt(1375,1507) 0.987666
aunt(1375,1873) 0.987221
aunt(1376,1507) 0.988971
aunt(1376,1873) 0.987639
aunt(1377,1507) 0.989107
aunt(1377,1873) 0.987209
aunt(1378,1507) 0.986403
aunt(1378,1873) 0.986269
aunt(1379,1507) 0.988191
aunt(1379,1873) 0.987721
aunt(138,1737) 0.957461
aunt(138,1697) 0.955230
aunt(1380,1391) 0.888719
aunt(1380,1388) 0.888254
aunt(1381,1388) 0.936066
aunt(1381,1517) 0.907688
aunt(1382,1861) 0.984231
aunt(1382,1519) 0.984009
aunt(1383,1519) 0.986987
aunt(1383,1860) 0.986388
aunt(1384,1519) 0.987867
aunt(1384,1860) 0.987383
aunt(1385,1860) 0.989078
aunt(1385,1519) 0.989054
aunt(1386,1860) 0.985634
aunt(1386,1519) 0.984949
aunt(1387,1519) 0.989356
aunt(1387,1860) 0.989134
aunt(1388,1397) 0.986763
aunt(1388,1853) 0.980969
aunt(1389,1860) 0.987069
aunt(1389,1519) 0.986931
aunt(139,1737) 0.959977
aunt(139,1697) 0.953513
aunt(1390,1860) 0.986792
aunt(1390,1519) 0.986725
aunt(1391,1397) 0.983943
aunt(1391,2957) 0.978671
aunt(1392,1398) 0.972067
aunt(1392,1395) 0.958067
aunt(1393,1867) 0.936579
aunt(1393,1371) 0.911447
aunt(1394,1867) 0.930137
aunt(1394,1371) 0.907372
aunt(1395,1867) 0.909758
aunt(1395,1371) 0.895496
aunt(1396,1856) 0.656826
aunt(1396,1858) 0.585934
aunt(1397,1399) 0.982231
aunt(1397,1401) 0.981161
aunt(1398,1402) 0.902053
aunt(1398,1401) 0.886235
aunt(1399,1373) 0.051310
aunt(1399,1377) 0.051196
aunt(14,35) 0.948046
aunt(14,36) 0.945980
aunt(140,2) 0.891660
aunt(140,1737) 0.873979
aunt(1400,1377) 0.036234
aunt(1400,1373) 0.036168
aunt(1401,1377) 0.050473
aunt(1401,1373) 0.050231
aunt(1402,1377) 0.060256
aunt(1402,1374) 0.060230
aunt(1403,1377) 0.058390
aunt(1403,1373) 0.057903
aunt(1404,1521) 0.261294
aunt(1404,1371) 0.183211
aunt(1405,1371) 0.954021
aunt(1405,1867) 0.937672
aunt(1406,1407) 0.662642
aunt(1406,2631) 0.115395
aunt(1407,110) 0.122641
aunt(1407,109) 0.110091
aunt(1408,1059) 0.898932
aunt(1408,445) 0.889315
aunt(1409,2768) 0.878698
aunt(1409,2767) 0.869754
aunt(141,223) 0.991128
aunt(141,221) 0.990121
aunt(1410,1595) 0.823292
aunt(1410,1412) 0.735993
aunt(1411,1026) 0.797219
aunt(1411,1223) 0.761205
aunt(1412,1026) 0.814341
aunt(1412,1223) 0.773333
aunt(1413,1336) 0.126076
aunt(1413,1598) 0.101246
aunt(1414,1353) 0.963755
aunt(1414,2540) 0.950773
aunt(1415,1503) 0.908699
aunt(1415,2070) 0.892568
aunt(1416,1412) 0.620614
aunt(1416,2065) 0.602984
aunt(1417,1503) 0.852513
aunt(1417,2070) 0.850070
aunt(1418,1412) 0.645116
aunt(1418,2065) 0.595902
aunt(1419,1300) 0.247617
aunt(1419,1299) 0.101876
aunt(142,136) 0.267272
aunt(142,262) 0.233939
aunt(1420,951) 0.929549
aunt(1420,2128) 0.873349
aunt(1421,2917) 0.434315
aunt(1421,2517) 0.404531
aunt(1422,894) 0.658856
aunt(1422,587) 0.264336
aunt(1423,894) 0.628269
aunt(1423,587) 0.514832
aunt(1424,2509) 0.978490
aunt(1424,1701) 0.971851
aunt(1425,2510) 0.825227
aunt(1425,2509) 0.824455
aunt(1426,2107) 0.959987
aunt(1426,2334) 0.957731
aunt(1427,2334) 0.961717
aunt(1427,2106) 0.936286
aunt(1428,2334) 0.962917
aunt(1428,2107) 0.956299
aunt(1429,1248) 0.962219
aunt(1429,2522) 0.936690
aunt(143,223) 0.964776
aunt(143,221) 0.961097
aunt(1430,2106) 0.957612
aunt(1430,2107) 0.947346
aunt(1431,1249) 0.863499
aunt(1431,1433) 0.825999
aunt(1432,1433) 0.948335
aunt(1432,1482) 0.946142
aunt(1433,1435) 0.866503
aunt(1433,725) 0.789205
aunt(1434,1435) 0.221702
aunt(1434,725) 0.183901
aunt(1435,730) 0.104468
aunt(1435,728) 0.101256
aunt(1436,687) 0.025688
aunt(1436,16) 0.025550
aunt(1437,1335) 0.972802
aunt(1437,1334) 0.969623
aunt(1438,1439) 0.742079
aunt(1438,1440) 0.708681
aunt(1439,1183) 0.628390
aunt(1439,1185) 0.626907
aunt(144,265) 0.854606
aunt(144,266) 0.835774
aunt(1440,1185) 0.620111
aunt(1440,1183) 0.615731
aunt(1441,1185) 0.500943
aunt(1441,1183) 0.498557
aunt(1442,1440) 0.225559
aunt(1442,1439) 0.219247
aunt(1443,1413) 0.797609
aunt(1443,2296) 0.639394
aunt(1444,1025) 0.201250
aunt(1444,988) 0.179783
aunt(1445,988) 0.119096
aunt(1445,1025) 0.108114
aunt(1446,1016) 0.180394
aunt(1446,773) 0.169076
aunt(1447,1451) 0.952380
aunt(1447,1449) 0.930160
aunt(1448,1451) 0.570684
aunt(1448,1449) 0.564206
aunt(1449,1455) 0.474931
aunt(1449,1456) 0.156677
aunt(145,176) 0.863668
aunt(145,193) 0.819905
aunt(1450,1451) 0.573450
aunt(1450,1449) 0.400134
aunt(1451,1455) 0.104835
aunt(1451,1464) 0.040117
aunt(1452,1542) 0.425456
aunt(1452,1533) 0.318312
aunt(1453,225) 0.021626
aunt(1453,1455) 0.020156
aunt(1454,1455) 0.705362
aunt(1454,1456) 0.262600
aunt(1455,1459) 0.857285
aunt(1455,1457) 0.850629
aunt(1456,1459) 0.895092
aunt(1456,1457) 0.892576
aunt(1457,1486) 0.970836
aunt(1457,1462) 0.966111
aunt(1458,1486) 0.982222
aunt(1458,1462) 0.912379
aunt(1459,1486) 0.973771
aunt(1459,1462) 0.955751
aunt(146,193) 0.921382
aunt(146,176) 0.833095
aunt(1460,1486) 0.971682
aunt(1460,1462) 0.967211
aunt(1461,1462) 0.904105
aunt(1461,1463) 0.899588
aunt(1462,1466) 0.856177
aunt(1462,1467) 0.393355
aunt(1463,1466) 0.888493
aunt(1463,1490) 0.439169
aunt(1464,1461) 0.196725
aunt(1464,1459) 0.188589
aunt(1465,2083) 0.973791
aunt(1465,1488) 0.971974
aunt(1466,1471) 0.843927
aunt(1466,1252) 0.840389
aunt(1467,2865) 0.947517
aunt(1467,1470) 0.936389
aunt(1468,2868) 0.959761
aunt(1468,2867) 0.958820
aunt(1469,2868) 0.941599
aunt(1469,2867) 0.936997
aunt(147,480) 0.982678
aunt(147,478) 0.973688
aunt(1470,1484) 0.984653
aunt(1470,1475) 0.965836
aunt(1471,1484) 0.986960
aunt(1471,2868) 0.973329
aunt(1472,1484) 0.986876
aunt(1472,2868) 0.975359
aunt(1473,1475) 0.415500
aunt(1473,1477) 0.379209
aunt(1474,1476) 0.953430
aunt(1474,1475) 0.951368
aunt(1475,1492) 0.947926
aunt(1475,1478) 0.681344
aunt(1476,1478) 0.893482
aunt(1476,1492) 0.874563
aunt(1477,1478) 0.879294
aunt(1477,1492) 0.622437
aunt(1478,1432) 0.900809
aunt(1478,1480) 0.885322
aunt(1479,1480) 0.922193
aunt(1479,1432) 0.922028
aunt(148,480) 0.982851
aunt(148,478) 0.973132
aunt(1480,1482) 0.952167
aunt(1480,1433) 0.944095
aunt(1481,1482) 0.840331
aunt(1481,1433) 0.571612
aunt(1482,1435) 0.428596
aunt(1482,725) 0.215636
aunt(1483,2866) 0.753227
aunt(1483,1484) 0.631663
aunt(1484,1492) 0.683365
aunt(1484,1478) 0.311116
aunt(1485,1486) 0.488019
aunt(1485,1462) 0.306414
aunt(1486,1466) 0.161292
aunt(1486,1467) 0.034444
aunt(1487,1488) 0.816588
aunt(1487,1490) 0.810123
aunt(1488,773) 0.171198
aunt(1488,1471) 0.119138
aunt(1489,773) 0.162220
aunt(1489,1471) 0.114079
aunt(149,1357) 0.973578
aunt(149,1358) 0.966981
aunt(1490,773) 0.161816
aunt(1490,1471) 0.126491
aunt(1491,1492) 0.613512
aunt(1491,1478) 0.442350
aunt(1492,1494) 0.577488
aunt(1492,1432) 0.135601
aunt(1493,1494) 0.303415
aunt(1493,1432) 0.044736
aunt(1494,1433) 0.029241
aunt(1494,1482) 0.026510
aunt(1495,1497) 0.816852
aunt(1495,1496) 0.803242
aunt(1496,1499) 0.932638
aunt(1496,1257) 0.774840
aunt(1497,1499) 0.909478
aunt(1497,1256) 0.804614
aunt(1498,1499) 0.732232
aunt(1498,1500) 0.685880
aunt(1499,1243) 0.690458
aunt(1499,1239) 0.318300
aunt(15,35) 0.957232
aunt(15,36) 0.956261
aunt(150,1357) 0.969208
aunt(150,1358) 0.961958
aunt(1500,1243) 0.602953
aunt(1500,1416) 0.254871
aunt(1501,1223) 0.972117
aunt(1501,1228) 0.956378
aunt(1502,1223) 0.978571
aunt(1502,1228) 0.967575
aunt(1503,1600) 0.593354
aunt(1503,1599) 0.570459
aunt(1504,1744) 0.345524
aunt(1504,1410) 0.144156
aunt(1505,1410) 0.791548
aunt(1505,1744) 0.482038
aunt(1506,1507) 0.787564
aunt(1506,1873) 0.771732
aunt(1507,1888) 0.953934
aunt(1507,1882) 0.935304
aunt(1508,1582) 0.497846
aunt(1508,596) 0.445435
aunt(1509,873) 0.849362
aunt(1509,1584) 0.848729
aunt(151,1357) 0.957094
aunt(151,158) 0.955945
aunt(1510,1507) 0.434139
aunt(1510,1873) 0.426225
aunt(1511,1515) 0.957394
aunt(1511,1516) 0.951229
aunt(1512,1392) 0.959679
aunt(1512,1516) 0.951703
aunt(1513,1395) 0.979133
aunt(1513,1394) 0.972048
aunt(1514,1395) 0.947961
aunt(1514,2224) 0.942556
aunt(1515,1395) 0.968565
aunt(1515,1398) 0.961063
aunt(1516,1395) 0.969355
aunt(1516,1398) 0.960961
aunt(1517,1397) 0.856468
aunt(1517,1398) 0.749443
aunt(1518,1401) 0.986456
aunt(1518,1399) 0.986450
aunt(1519,1399) 0.985901
aunt(1519,1401) 0.984884
aunt(152,1357) 0.963005
aunt(152,1358) 0.955141
aunt(1520,1747) 0.859454
aunt(1520,1507) 0.707435
aunt(1521,1510) 0.025017
aunt(1521,568) 0.022221
aunt(1522,1398) 0.859891
aunt(1522,1395) 0.691935
aunt(1523,1514) 0.023080
aunt(1523,1478) 0.016278
aunt(1524,1435) 0.014235
aunt(1524,1514) 0.012323
